200
78 -27
31 97
-29 -12
71 -79
3 -17
54 -88
-78 -13
21 100
81 -39
97 -70
54 -51
-40 -54
24 -69
63 -96
9 -21
9 -77
-74 -24
92 93
71 -22
-85 7
-65 68
-18 -32
-76 -87
-87 100
-72 76
53 97
-59 -27
96 -84
45 44
85 -27
60 29
2 -55
-57 90
-94 -62
-4 12
-40 32
10 97
-40 -79
52 -74
20 70
5 -66
49 5
7 50
-71 10
39 46
-69 -92
-48 -50
34 -97
16 75
45 42
-84 58
-6 6
-13 -41
-24 -39
-6 -4
76 72
-50 -82
-24 19
-57 79
-85 -67
-40 35
14 18
90 18
-53 -44
28 8
95 97
79 -15
7 0
88 -35
77 -63
-5 -26
12 -8
-24 59
76 15
90 2
21 -22
69 -52
-62 65
-100 -78
-70 -81
53 68
48 -55
-75 19
-49 7
-31 -36
53 5
-16 4
1 -86
78 -34
23 -19
-55 12
71 -22
-55 -1
-2 77
33 58
91 82
99 36
69 58
-40 77
-5 66
-3 28
0 17
95 -27
55 30
-75 17
-47 87
-9 50
77 85
-19 -73
-92 52
29 46
35 94
95 -41
87 52
-44 1
31 -37
50 -35
-93 100
65 33
-27 -13
-70 12
71 94
16 54
-28 -74
64 67
65 98
50 74
-24 -92
-24 -63
39 -61
-42 -32
-46 -81
6 61
67 -68
-89 -10
-10 -89
10 -49
25 -71
-79 89
-70 98
70 -66
46 13
-53 53
52 5
2 -31
43 45
62 -1
26 -60
-72 -2
-14 -19
1 38
-55 -30
9 93
-37 -17
-91 -87
31 5
26 61
50 59
-92 -5
54 -72
51 5
-38 72
-21 41
46 21
-15 -92
-5 -30
-98 58
-76 -11
-71 8
-84 5
-8 41
62 45
47 -67
-6 -2
-13 -92
15 43
28 53
11 24
17 42
-8 -8
9 -38
64 -33
-69 34
-30 55
-53 -74
-65 24
74 47
1 58
-31 88
23 -31
-80 -81
18 89
98 -12
-1 5
-18 97
68 -25
1 64
-86 22
-98 68
45 91
