1000
41 -12
6 -90
49 38
-91 -33
-9 7
50 -17
22 69
-20 -100
-94 73
100 16
10 -59
-63 69
18 26
-65 8
39 -14
-57 80
-88 -67
37 -57
68 -50
24 -10
80 0
29 10
2 -31
25 32
71 -35
11 -32
66 91
-62 52
30 56
-56 -67
91 -27
-93 -99
80 -31
29 79
58 -74
-88 23
-46 6
-75 -36
-29 52
64 81
86 93
-17 50
36 -22
-61 -1
-91 49
-54 63
-26 -26
-81 -44
-98 50
-48 48
9 -33
-9 80
70 39
99 20
64 -45
-47 -42
-5 85
94 77
-21 75
36 73
45 -33
56 67
75 78
-32 -76
-50 97
81 41
-51 -3
-8 -49
93 -42
31 11
56 -67
85 -38
-57 54
30 66
-30 88
-78 -9
-20 43
19 -45
44 3
8 8
83 -4
98 -29
5 99
75 35
14 7
-56 31
69 -38
5 -100
100 -98
17 52
42 -15
-80 -46
24 4
-66 2
-21 65
-66 83
-95 29
86 -90
-99 -10
22 -89
-80 -79
16 74
34 37
-95 17
-45 -23
3 36
-4 54
-1 -13
-23 -93
-100 85
27 33
98 99
86 -32
-97 -44
-70 -72
70 -15
71 42
84 53
-39 77
-94 -31
-50 97
-74 -87
68 10
58 52
2 -29
17 81
8 -20
63 -89
80 -30
85 -6
-14 -84
-3 33
-6 -97
-37 74
-25 -46
13 36
-32 80
49 -15
95 51
47 9
-55 -65
-27 -2
-20 92
76 21
-55 -35
22 65
42 -24
96 49
34 4
98 -83
53 13
-3 52
19 98
21 -39
88 84
-73 -18
56 60
-24 1
-68 -75
79 41
30 -43
10 -82
-18 4
-68 61
-83 62
19 80
-37 16
17 -30
17 44
-10 -86
34 -90
-62 -89
82 79
83 96
-10 -20
-19 13
5 -51
-32 84
-72 -89
87 -65
48 -51
40 98
65 -33
5 2
61 8
-4 12
48 -70
35 -11
42 20
-68 -49
-91 40
-14 94
-34 35
-57 83
43 -69
73 -63
72 -15
-67 61
30 -34
-62 10
64 84
-26 -79
-93 53
89 -39
-60 -96
-11 -97
36 90
-90 64
92 100
-69 88
-96 -47
-45 58
-27 97
87 -42
72 61
40 -91
13 19
-72 -43
92 -82
2 -68
-59 13
41 -9
16 -50
-66 61
-1 -64
21 33
-80 64
71 5
-93 91
-57 -20
-32 -65
-82 80
23 2
9 31
28 -54
98 -43
6 -80
10 -69
-77 87
-98 72
95 -48
-36 -15
-9 -63
58 -48
85 26
50 -82
-73 41
62 64
8 12
6 -82
-50 -76
31 -19
52 -10
100 10
70 53
-77 -28
-97 78
-50 95
-84 23
61 -76
97 91
-93 -52
37 92
-85 58
9 -43
5 -59
45 19
-14 68
14 82
-70 -84
-82 -74
80 31
-44 67
-91 13
69 92
21 -92
-68 97
-57 -87
78 52
-77 1
-97 -81
-2 18
-25 -60
-5 97
-34 26
51 53
-11 -73
9 52
4 88
-15 46
-77 43
99 -97
-35 -58
89 79
78 -67
69 78
-82 9
-70 16
-11 -84
32 38
50 31
-33 49
-45 97
97 -59
-50 -63
47 -50
-22 -20
14 -30
97 21
-81 96
11 -49
-87 64
76 63
-19 99
-50 -39
-89 -26
-72 -17
87 19
-24 79
-24 -97
35 89
63 -65
-19 77
-81 -61
-63 16
-61 37
48 -21
-44 -44
88 -83
-13 58
91 -93
79 -66
74 20
-19 21
58 -71
-96 -2
-95 -56
29 -77
-36 98
48 19
-83 32
-100 -78
-28 49
-41 39
6 -1
55 -78
77 -86
-43 9
-27 -10
-47 58
47 6
9 -3
-62 -68
-11 -57
-79 -15
55 -65
-72 51
51 -43
-94 -11
67 -20
-50 -66
44 -56
97 60
-60 10
56 -88
83 77
62 4
-92 -35
39 36
22 76
-98 -94
91 -1
61 50
-92 35
-85 -17
36 -70
-4 -85
-73 60
67 87
78 -55
62 35
-65 8
0 -62
4 -74
75 68
-15 -65
-89 37
16 23
-61 -83
3 91
30 -96
29 -92
-69 60
81 -7
12 83
-46 -44
44 -38
-27 95
-41 -17
-6 -19
-90 -94
-56 1
50 53
39 80
-10 91
41 82
36 17
-27 63
27 19
93 43
39 -37
39 -38
58 -67
32 -66
-30 4
67 13
100 -14
-35 -87
93 65
41 -49
64 -59
-46 67
40 56
65 -83
41 -4
45 84
-76 38
-6 -66
75 83
-30 -40
84 -22
28 24
93 -51
-46 -4
-72 70
45 -51
59 46
95 20
70 47
-70 36
59 98
-25 16
6 5
42 73
-30 -15
34 -30
54 5
-2 -11
96 45
-47 -20
50 -35
18 56
51 -95
42 12
23 -49
-11 -53
33 -92
-46 -92
65 -4
-15 -85
-99 77
-91 -33
-53 -67
-13 40
62 -29
-30 24
1 19
-99 30
94 71
-13 -46
-88 5
-6 -34
61 45
-51 67
-83 71
-14 98
-44 -46
-1 -83
25 55
-85 23
43 14
48 -37
-6 72
-95 -4
21 73
20 -7
-82 74
48 13
93 98
48 34
65 -72
-21 17
37 20
-81 -71
12 -24
52 -6
91 18
-58 -37
-13 92
59 -87
53 95
-35 93
37 -62
-3 -59
7 -76
-42 -27
-59 54
70 -89
-67 -12
72 -8
87 -98
34 -16
22 53
12 -66
92 94
-70 -62
-71 54
-62 -76
-84 -43
-74 78
-79 -28
-1 -88
40 34
-50 95
-61 -78
-16 17
9 -99
65 -90
-78 98
79 79
-5 29
87 -39
84 -83
36 -85
66 83
-68 89
-93 3
70 41
32 54
83 15
8 -23
-93 49
37 -52
58 -75
-9 4
-92 -70
-42 53
-82 2
0 99
2 100
5 -36
59 23
68 49
63 -52
-28 -57
23 -5
-6 -73
-75 14
35 -28
-14 52
-91 -23
-87 -64
40 90
-82 -74
-90 -29
-54 45
-45 14
4 37
12 32
59 94
90 50
-84 2
79 -61
43 63
67 -18
-98 -69
-95 -32
34 97
15 -16
94 48
-80 -96
-9 -27
-29 3
76 38
4 25
37 -95
-66 -65
91 83
75 -6
66 2
20 31
-29 -95
-17 -87
46 -76
-32 -33
64 61
90 34
-47 -35
-19 -1
-28 58
-89 7
66 -91
-33 20
-78 -60
51 9
38 -32
73 5
-13 -48
63 -62
100 29
89 82
-13 -51
33 51
66 -3
45 88
75 -9
-12 58
53 -93
-80 -91
99 51
98 35
-2 70
10 -66
1 88
-71 -28
40 -64
29 63
-91 -53
38 4
5 5
50 -92
-64 -30
-18 66
-94 21
38 -21
99 -4
-86 14
64 -42
-9 41
67 -9
43 -84
58 43
4 -53
61 51
-49 40
8 31
-2 24
-94 -1
-43 -62
-13 35
81 -65
35 -96
82 -79
18 -68
61 -53
51 -1
-88 -80
-45 54
-22 -95
-52 85
4 -82
5 -5
-15 53
-19 -49
-7 -14
59 -13
-46 17
-87 -94
7 -6
27 5
-53 -47
-88 7
-44 -12
19 16
-20 -72
20 71
42 11
-19 2
72 13
-58 -96
19 1
-50 45
-63 62
95 -82
-76 -13
44 50
6 -52
62 18
-24 -19
1 29
-38 30
3 -45
-23 -87
-97 33
19 -89
86 -19
33 -64
62 -72
92 -67
-81 -72
-37 100
37 26
-89 -10
-87 13
-4 33
-26 -28
5 -99
-19 -70
20 3
-93 -8
-27 -87
-54 -44
-13 39
7 -82
-48 -88
0 -22
1 35
95 -28
-30 -35
-43 11
-33 -11
15 99
31 -93
1 -45
50 52
72 54
30 -51
-8 93
-32 68
90 -83
85 23
6 14
-43 -1
40 85
-95 -99
-2 58
-47 71
28 -47
54 -41
-92 -49
93 8
-13 53
78 37
-68 -51
91 -93
70 33
-12 51
-22 97
32 -63
-82 -61
39 -91
58 43
-84 68
85 50
17 70
2 -9
98 5
51 -1
-56 -24
84 28
-92 -48
82 -42
-98 -45
79 74
52 -4
50 -71
27 67
-94 93
-53 100
-45 23
95 -32
-66 -88
-63 52
-10 -21
92 42
-26 48
-69 -16
56 -31
29 42
41 50
-67 -76
89 34
-35 -64
-84 -77
23 -45
4 -46
-100 -91
47 62
-90 -20
99 -31
-97 -31
55 0
71 -27
-42 -67
28 -7
-56 -2
27 20
7 -76
59 26
-92 54
71 -79
95 -50
20 -53
55 -66
-24 -12
-5 11
-78 -81
-22 54
58 -20
-45 -43
-72 60
70 -64
60 -6
94 -21
-87 46
89 -32
-7 -35
-56 -56
83 -55
-58 25
51 -76
-13 25
34 -53
47 -73
2 -6
13 11
-82 -55
71 -48
-88 -9
48 15
94 -52
69 73
-12 2
-14 67
-71 63
34 -24
-74 -21
96 -80
-60 -24
81 64
86 36
18 -97
-47 96
1 14
-77 -38
-22 -39
-28 -50
60 25
-15 14
91 0
66 90
-66 87
14 -86
-72 -96
-37 4
10 74
-32 48
39 -21
-33 -22
-10 0
-43 -61
-81 -39
-27 87
69 -4
-94 -59
11 -56
8 -34
-26 33
-81 28
38 -98
88 -10
8 72
-28 -72
81 -96
37 -9
-15 -20
-30 62
-18 -57
-19 85
3 -56
-4 66
67 10
-30 18
41 -48
-8 -62
53 67
-71 -86
64 22
66 66
59 -31
68 -47
70 -26
-53 76
-83 71
-75 8
39 84
-9 -78
-72 -29
-26 -34
-97 99
-63 2
31 -16
-36 68
-14 -56
86 -87
24 97
-39 -79
5 -81
-44 21
91 -92
9 44
43 -40
-80 85
69 -70
-38 27
-20 52
-84 -18
43 -74
15 -88
75 23
39 -81
27 40
10 57
29 49
-100 -45
-51 -65
17 95
56 -41
44 57
-79 -97
12 -42
20 18
-60 58
29 -100
64 27
-8 48
86 -98
-90 -74
-96 22
-31 -70
-68 -31
97 -70
85 36
67 -92
-86 18
-69 -8
59 64
4 0
-46 -45
9 72
-69 -27
-70 -56
-16 -44
19 -23
-67 -7
95 -94
2 4
15 -66
20 7
26 67
-75 -97
-37 -91
-88 53
17 56
65 66
9 -38
1 30
65 -52
-25 35
-7 97
62 48
87 35
99 33
-36 85
-36 -72
45 84
67 47
-49 -11
-30 -39
100 -79
62 36
-46 -67
-69 -40
93 -66
-3 -93
97 75
85 -37
93 47
-56 -55
-97 -99
-11 -88
-20 43
99 -51
93 79
-56 -28
-92 -63
4 -89
-42 55
9 -52
-8 -91
