4 0
55 0
80 0
91 0
66 2
98 5
19 1
62 4
44 3
73 5
71 5
93 8
23 2
54 5
100 10
38 4
34 4
47 6
61 8
68 10
67 10
20 3
100 16
24 4
51 9
72 13
83 15
27 5
47 9
67 13
91 18
99 20
95 20
97 21
87 19
53 13
42 11
74 20
85 23
48 13
76 21
42 12
100 29
62 18
85 26
75 23
48 15
43 14
84 28
99 33
64 22
29 10
20 7
31 11
98 35
90 34
89 34
80 31
59 23
48 19
5 2
87 35
60 25
86 36
64 27
45 19
85 36
59 26
92 42
93 43
75 35
96 45
70 33
36 17
78 37
42 20
14 7
76 38
93 47
81 41
96 49
94 48
99 51
79 41
95 51
37 20
90 50
70 39
62 35
62 36
70 41
85 50
71 42
97 60
50 31
84 53
78 52
70 47
93 65
67 47
37 26
27 19
48 34
68 49
61 45
27 20
58 43
58 43
72 54
94 71
70 53
97 75
62 48
49 38
59 46
81 64
94 77
61 50
76 63
6 5
61 51
19 16
13 11
72 61
93 79
40 34
28 24
89 79
58 52
20 18
75 68
91 83
89 82
39 36
83 77
79 74
97 91
64 61
88 84
82 79
5 5
8 8
66 66
79 79
98 99
65 66
92 94
62 64
51 53
50 52
75 78
93 98
69 73
50 53
56 60
86 93
59 64
92 100
34 37
75 83
69 78
44 50
83 96
32 38
56 67
41 50
27 33
66 83
53 67
64 81
25 32
44 57
67 87
64 84
47 62
69 92
66 90
66 91
40 56
16 23
18 26
29 42
13 19
43 63
27 40
8 12
33 51
20 31
21 33
59 94
59 98
32 54
29 49
42 73
53 95
30 56
45 84
45 84
45 88
2 4
41 82
36 73
39 80
40 85
39 84
29 63
25 55
30 66
40 90
6 14
22 53
40 98
27 67
37 92
36 90
35 89
26 67
17 44
12 32
29 79
13 36
34 97
22 65
17 52
18 56
22 69
17 56
9 31
22 76
21 73
20 71
8 31
24 97
17 70
19 80
16 74
17 81
9 44
19 98
17 95
10 57
9 52
14 82
4 25
15 99
12 83
10 74
9 72
8 72
4 37
3 36
1 14
1 19
5 99
4 88
1 29
1 30
3 91
1 35
2 100
1 88
0 99
-2 70
-2 58
-5 97
-3 52
-5 85
-4 66
-7 97
-4 54
-2 24
-6 72
-8 93
-3 33
-10 91
-2 18
-9 80
-4 33
-13 92
-14 98
-14 94
-8 48
-5 29
-19 99
-14 68
-12 58
-14 67
-20 92
-9 41
-19 85
-13 58
-22 97
-12 51
-13 53
-19 77
-14 52
-18 66
-27 97
-21 75
-15 53
-27 95
-24 79
-27 87
-21 65
-13 40
-15 46
-4 12
-13 39
-17 50
-30 88
-36 98
-37 100
-13 35
-35 93
-32 84
-20 52
-32 80
-22 54
-36 85
-27 63
-5 11
-45 97
-20 43
-20 43
-32 68
-28 58
-30 62
-47 96
-37 74
-39 77
-50 97
-50 97
-13 25
-50 95
-50 95
-36 68
-53 100
-26 48
-29 52
-28 49
-52 85
-44 67
-47 71
-32 48
-33 49
-46 67
-57 83
-53 76
-68 97
-57 80
-25 35
-66 87
-51 67
-42 55
-68 89
-45 58
-69 88
-26 33
-42 53
-66 83
-78 98
-47 58
-45 54
-81 96
-54 63
-77 87
-19 21
-63 69
-16 17
-80 85
-74 78
-34 35
-97 99
-48 48
-94 93
-63 62
-93 91
-82 80
-72 70
-60 58
-41 39
-57 54
-15 14
-66 61
-59 54
-67 61
-82 74
-50 45
-68 61
-71 63
-69 60
-83 71
-83 71
-100 85
-62 52
-54 45
-72 60
-63 52
-73 60
-49 40
-21 17
-84 68
-97 78
-30 24
-80 64
-38 30
-9 7
-99 77
-94 73
-34 26
-71 54
-83 62
-87 64
-98 72
-90 64
-38 27
-72 51
-19 13
-85 58
-25 16
-61 37
-33 20
-88 53
-30 18
-92 54
-93 53
-73 41
-77 43
-56 31
-91 49
-87 46
-93 49
-70 36
-45 23
-98 50
-76 38
-44 21
-9 4
-91 40
-37 16
-58 25
-89 37
-83 32
-92 35
-46 17
-81 28
-97 33
-45 14
-95 29
-99 30
-84 23
-85 23
-88 23
-43 11
-63 16
-96 22
-70 16
-94 21
-18 4
-59 13
-43 9
-86 18
-75 14
-95 17
-12 2
-60 10
-86 14
-62 10
-87 13
-91 13
-30 4
-46 6
-65 8
-65 8
-82 9
-37 4
-75 8
-19 2
-29 3
-88 7
-89 7
-88 5
-24 1
-93 3
-63 2
-66 2
-82 2
-84 2
-56 1
-77 1
-10 0
-94 -1
-61 -1
-96 -2
-43 -1
-56 -2
-95 -4
-19 -1
-51 -3
-27 -2
-93 -8
-46 -4
-99 -10
-88 -9
-67 -7
-89 -10
-78 -9
-69 -8
-94 -11
-76 -13
-67 -12
-79 -15
-85 -17
-84 -18
-90 -20
-49 -11
-69 -16
-72 -17
-73 -18
-91 -23
-44 -12
-74 -21
-89 -26
-97 -31
-90 -29
-94 -31
-33 -11
-95 -32
-57 -20
-79 -28
-91 -33
-91 -33
-77 -28
-27 -10
-92 -35
-69 -27
-71 -28
-60 -24
-72 -29
-41 -17
-36 -15
-47 -20
-56 -24
-100 -45
-97 -44
-68 -31
-98 -45
-64 -30
-75 -36
-81 -39
-96 -47
-77 -38
-24 -12
-30 -15
-56 -28
-45 -23
-84 -43
-92 -48
-92 -49
-81 -44
-93 -52
-80 -46
-69 -40
-91 -53
-95 -56
-72 -43
-94 -59
-55 -35
-58 -37
-42 -27
-33 -22
-82 -55
-92 -63
-98 -69
-68 -49
-87 -64
-82 -61
-47 -35
-68 -51
-81 -61
-92 -70
-88 -67
-78 -60
-50 -39
-100 -78
-24 -19
-70 -56
-54 -44
-90 -74
-97 -81
-81 -71
-70 -62
-53 -47
-81 -72
-47 -42
-82 -74
-82 -74
-22 -20
-88 -80
-100 -91
-84 -77
-45 -43
-46 -44
-98 -94
-46 -45
-56 -55
-66 -65
-80 -79
-26 -26
-44 -44
-56 -56
-97 -99
-70 -72
-32 -33
-78 -81
-95 -99
-90 -94
-44 -46
-93 -99
-26 -28
-87 -94
-62 -68
-68 -75
-67 -76
-80 -91
-30 -35
-74 -87
-55 -65
-56 -67
-70 -84
-80 -96
-71 -86
-62 -76
-79 -97
-72 -89
-50 -63
-53 -67
-51 -65
-61 -78
-75 -97
-30 -39
-26 -34
-50 -66
-15 -20
-30 -40
-66 -88
-72 -96
-61 -83
-43 -61
-62 -89
-43 -62
-46 -67
-50 -76
-57 -87
-42 -67
-60 -96
-58 -96
-35 -58
-22 -39
-28 -50
-35 -64
-48 -88
-25 -46
-7 -14
-10 -20
-36 -72
-46 -92
-39 -79
-32 -65
-28 -57
-10 -21
-31 -70
-32 -76
-25 -60
-37 -91
-35 -87
-28 -72
-19 -49
-16 -44
-9 -27
-26 -79
-6 -19
-18 -57
-27 -87
-29 -95
-13 -46
-20 -72
-19 -70
-13 -48
-23 -87
-13 -51
-14 -56
-24 -97
-23 -93
-22 -95
-15 -65
-11 -53
-7 -35
-20 -100
-17 -87
-11 -57
-2 -11
-6 -34
-15 -85
-14 -84
-8 -49
-11 -73
-9 -63
-11 -84
-8 -62
-11 -88
-10 -86
-9 -78
-11 -97
-6 -66
-8 -91
-6 -73
-1 -13
-6 -97
-3 -59
-4 -85
-3 -93
-1 -64
-1 -83
-1 -88
0 -22
0 -62
1 -45
2 -68
4 -89
4 -82
5 -100
5 -99
3 -56
4 -74
5 -81
2 -31
3 -45
6 -90
2 -29
6 -82
6 -80
4 -53
5 -59
7 -82
4 -46
9 -99
7 -76
7 -76
5 -51
6 -52
10 -82
5 -36
10 -69
10 -66
14 -86
10 -59
15 -88
9 -52
12 -66
18 -97
11 -56
9 -43
19 -89
2 -9
11 -49
15 -66
21 -92
8 -34
9 -38
22 -89
18 -68
9 -33
12 -42
29 -100
30 -96
29 -92
16 -50
2 -6
31 -93
11 -32
8 -23
33 -92
35 -96
29 -77
20 -53
34 -90
38 -98
37 -95
8 -20
19 -45
36 -85
39 -91
40 -91
14 -30
23 -49
39 -81
32 -66
12 -24
32 -63
23 -45
43 -84
36 -70
33 -64
28 -54
51 -95
21 -39
50 -92
17 -30
53 -93
43 -74
30 -51
28 -47
37 -62
46 -76
50 -82
43 -69
40 -64
56 -88
34 -53
47 -73
37 -57
51 -76
59 -87
48 -70
30 -43
50 -71
55 -78
63 -89
37 -52
65 -90
66 -91
67 -92
58 -75
65 -83
58 -74
44 -56
70 -89
61 -76
58 -71
19 -23
55 -66
56 -67
41 -49
81 -96
55 -65
41 -48
62 -72
58 -67
86 -98
30 -34
45 -51
87 -98
77 -86
71 -79
65 -72
15 -16
47 -50
48 -51
86 -90
63 -65
91 -93
91 -93
69 -70
86 -87
91 -92
5 -5
95 -94
84 -83
63 -62
100 -98
99 -97
39 -38
82 -79
39 -37
88 -83
43 -40
90 -83
64 -59
70 -64
92 -82
34 -30
61 -53
44 -38
95 -82
73 -63
78 -67
7 -6
98 -83
51 -43
38 -32
79 -66
96 -80
58 -48
63 -52
81 -65
35 -28
65 -52
100 -79
79 -61
48 -37
54 -41
87 -65
68 -50
45 -33
56 -41
92 -67
97 -70
93 -66
34 -24
78 -55
64 -45
50 -35
68 -47
71 -48
83 -55
64 -42
31 -19
36 -22
97 -59
42 -24
56 -31
94 -52
38 -21
69 -38
93 -51
39 -21
95 -50
59 -31
31 -16
99 -51
82 -42
65 -33
95 -48
71 -35
87 -42
34 -16
62 -29
93 -42
87 -39
85 -38
98 -43
89 -39
48 -21
85 -37
24 -10
80 -31
71 -27
80 -30
86 -32
70 -26
89 -32
39 -14
42 -15
20 -7
58 -20
50 -17
95 -32
9 -3
35 -11
99 -31
49 -15
67 -20
91 -27
98 -29
95 -28
41 -12
67 -18
84 -22
28 -7
37 -9
94 -21
86 -19
59 -13
41 -9
23 -5
70 -15
72 -15
52 -10
6 -1
100 -14
67 -9
75 -9
52 -6
88 -10
72 -8
60 -6
41 -4
81 -7
75 -6
52 -4
85 -6
65 -4
69 -4
83 -4
66 -3
99 -4
51 -1
51 -1
91 -1
