7 0
90 2
53 5
52 5
51 5
49 5
31 5
76 15
90 18
46 13
28 8
99 36
46 21
60 29
65 33
55 30
87 52
74 47
62 45
69 58
91 82
45 42
76 72
45 44
92 93
95 97
43 45
64 67
77 85
39 46
50 59
53 68
14 18
71 94
50 74
65 98
29 46
33 58
53 97
28 53
45 91
11 24
26 61
17 42
35 94
15 43
31 97
16 54
20 70
16 75
21 100
18 89
7 50
10 97
6 61
9 93
1 38
1 58
1 64
0 17
-2 77
-5 66
-3 28
-9 50
-18 97
-8 41
-1 5
-4 12
-31 88
-24 59
-21 41
-40 77
-38 72
-47 87
-30 55
-57 90
-70 98
-57 79
-87 100
-79 89
-93 100
-72 76
-62 65
-65 68
-6 6
-53 53
-40 35
-40 32
-24 19
-98 68
-84 58
-98 58
-92 52
-69 34
-65 24
-86 22
-75 19
-16 4
-75 17
-55 12
-70 12
-49 7
-71 10
-71 8
-85 7
-84 5
-44 1
-55 -1
-72 -2
-92 -5
-89 -10
-76 -11
-78 -13
-74 -24
-6 -2
-29 -12
-59 -27
-37 -17
-27 -13
-55 -30
-94 -62
-6 -4
-42 -32
-100 -78
-85 -67
-53 -44
-91 -87
-8 -8
-80 -81
-48 -50
-76 -87
-70 -81
-31 -36
-69 -92
-40 -54
-14 -19
-53 -74
-24 -39
-50 -82
-46 -81
-18 -32
-40 -79
-24 -63
-28 -74
-13 -41
-24 -92
-19 -73
-5 -26
-5 -30
-15 -92
-13 -92
-10 -89
1 -86
2 -55
2 -31
5 -66
9 -77
3 -17
10 -49
9 -38
24 -69
34 -97
25 -71
9 -21
26 -60
54 -88
39 -61
63 -96
47 -67
52 -74
23 -31
54 -72
31 -37
48 -55
71 -79
21 -22
67 -68
54 -51
70 -66
96 -84
23 -19
77 -63
69 -52
97 -70
50 -35
12 -8
64 -33
81 -39
78 -34
95 -41
88 -35
68 -25
78 -27
85 -27
71 -22
71 -22
95 -27
79 -15
98 -12
62 -1
